100
$ 0 1 2 3 4 5 6 7 8 9 10 11 12 13 14 15 16 17 18 19 20 21 22 23 24 25 26 27 28 29 30 31 32 33 34 35 36 37 38 39 40 41 42 43 44 45 46 47 48 49 50 51 52 53 54 55 56 57 58 59 60 61 62 63 64 65 66 67 68 69 70 71 72 73 74 75 76 77 78 79 80 81 82 83 84 85 86 87 88 89 90 91 92 93 94 95 96 97 98 99
+ 14 61 81 90 12 15 12 98 11 66 92 33 91 85 19 87 19 11 69 19 4 5 2 26 78 54 38 75
+ 41 47 36 4 22 65 75 76
+ 45 98 54 28 73 1 32
+ 18 0 63 21 38 77 41 60 42 96 26 56 36 29 0 35 51 85 82 66
+ 48 61 58 67 56 22 81 17 47 56 60 14 31 84
+ 2 57 85 96 60 94 27
+ 39 27 68 41 73
+ 21 5 70 83 17 34 74 57 15 6 52 34 56 2 72 26 62 89 86 19 12
+ 26 53
+ 38 83 60 91 73 75 35 78 60
+ 24 85 82 90 12 81 9 47 14 95 41 82 88 45 10 83 60 5 46
+ 15 57 21 96 43 96
+ 25 97 54 0 44 96 10 95 14 99 61 49 0 11 63 0 40 41 86 98 58 54 25 89 30 62 84
+ 36 78 9 11 16 18 65 80 60 84 77 12 85 25 87 92
+ 1 15 68 74 25 99 0 4 64 18 92 86 5 33 8 94 53 35 69 32 83 26 0 39 46 39 90
+ 50 43 8 53 97 82 96 48 55 15 2 67 1 10 99 28 3 89 78
+ 19 37 16 48 40 37 36 34 3 38 57 50 11 2 61 69 8 0
+ 33 45 37 62 96 98 4 14 77 85 90 15 77 78 90
+ 24 49 87 61 99 55 60 16 99
+ 16 99 81 37 15 98 69 51 7 97 79 35 55 70 53 38 32 82 34 7 15 66 37 8
+ 16 78 48 9 12 29 62 9 75 18 31 34
+ 28 63 50 16 40 36 18 71 7 52 78 98 60 36 16 81
+ 44 24 93 82 73 43 86 67 73 0
+ 1 57 20 20
- 35 83 78 4
- 22 92 90 36 29 24 91 2 93
- 21 94 53 56 11 28 30 56
- 29 19 24 91 32 83 30 0 69 30 57 16 42 28 26 79 10 94 91 69 27
- 35 81 44 56 70 72 22 36 56 79 41 86 17 32 58 7 45 87 78 29 2 56 79 49 30
- 24 89 12 71 9 84 61 43 7
- 45 97
- 18 70 56 9 48 89 34 87 4 71 76 53 45 65 83
- 36 16 42 59 52 57 28 66 9
- 14 9 49 85 66 45 55 95 71 11 86 26 45 21 38 12 12 95 99 19 44 37 40 97 5 78 60 45 31
- 19 13 62 56 99 70 33 97 54 80 18 36 68 7 21 67 25 13 32 50 84 12 4 66 30 15 46
- 43 84 18 26 66 88 7 95 24 81 91 64 99 50 13 70 79 15 44 17 22 72 71
- 17 22 78 83 78 97 45 88 4 42 90 71 58 4 64 53 63 28 25 92 35 67 13 51 99 12
- 50 9 57 58 13 66 22 1 69 76 6 36 0 83 53 91 13 27 66 55 36 11 48 0
- 36 11 98 44 56 10 74 26 90 49 75 48 55 82 21 30 29 2 58 2 89 92 58 25 43 28
- 20 54 43 44 31 27 37 19 24 20 46 87 46 15 59 7 82 90 3 59 45 65 26 11 45
- 12 3 16 66 1 58 66 36 65 53 62 34 99 0 29 25 56 65 34 36 15 87 43 31 14 86 34 7 90
- 11 18 59 55 12 20 17